1 2 1 1 2 3 2 1 3 2 1 2 1 2 1 2 2 3 2 2 2 2 2 2 3 2 2 1 1 2 2 2 1 3 2 2 2 2 1 2 1 3 2 2 2 2 1 2 2 2 2 1 2 3 3 2 1 1 2 1 1 1 2 2 2 3 3 2 2 3 1 3 1 2 2 3 2 1 3 3 2 1 3 3 3 2 3 1 3 1 2 3 1 1 3 2 2 2 2 3 5.25019112551181
3 1 2 3 2 3 3 2 2 2 2 2 3 3 3 2 2 3 2 3 3 2 2 2 2 1 2 2 2 2 2 3 2 1 3 3 2 3 1 2 3 3 2 2 2 2 3 3 3 2 2 3 2 2 2 3 2 2 3 2 2 2 2 3 1 2 3 3 1 2 2 2 2 2 2 1 2 2 1 2 3 2 2 1 1 2 2 2 2 3 3 3 2 1 1 3 2 1 2 1 3.5964991214209
2 2 3 2 3 2 2 1 3 1 1 2 1 1 1 3 1 3 3 3 1 1 3 2 3 1 3 2 2 1 3 1 1 3 1 3 2 2 1 2 1 2 2 1 2 1 3 1 1 3 1 3 2 2 2 2 2 2 2 1 2 2 1 2 3 2 2 2 2 3 3 1 1 2 1 3 2 2 2 3 1 2 2 2 2 3 2 2 1 3 2 1 1 2 2 1 2 2 2 3 6.66975533528783
1 2 3 3 2 1 2 1 3 3 1 1 1 3 3 1 3 3 2 2 1 1 2 2 2 1 3 3 2 2 2 2 2 2 2 1 3 2 2 2 3 2 1 2 2 2 3 2 1 2 2 1 2 2 2 2 3 1 2 1 2 1 1 2 1 2 2 2 3 3 3 2 3 2 2 2 2 2 2 1 1 2 1 1 1 2 2 2 1 2 3 2 1 2 2 2 2 1 2 2 3.40802825095138
2 3 2 2 2 2 3 1 2 1 1 2 2 1 3 1 2 2 3 3 1 1 3 1 2 3 3 1 2 2 2 2 1 2 2 2 2 2 3 2 2 2 1 2 3 1 2 2 1 2 2 2 1 1 2 1 1 3 1 2 1 1 2 2 2 3 3 1 2 3 3 2 2 2 1 1 3 2 1 1 2 2 3 2 1 2 1 2 1 2 1 2 2 2 2 2 2 3 3 2 8.41075136660176
3 2 2 1 2 1 2 2 1 3 3 3 1 3 2 3 1 2 2 1 2 1 2 1 2 2 3 3 3 2 3 2 1 2 3 2 2 3 2 2 1 2 1 1 2 2 2 2 1 3 2 2 1 3 2 3 2 2 3 3 2 1 2 3 2 1 3 2 2 2 2 3 1 2 2 3 3 2 2 3 2 2 2 2 3 2 2 1 3 1 2 1 2 2 2 2 2 2 3 2 6.21416513593362
2 2 2 2 2 1 1 3 2 3 2 2 3 2 3 2 2 2 2 1 2 3 1 1 3 3 2 2 2 2 1 1 3 2 2 2 1 2 2 2 2 3 3 1 2 1 2 3 1 3 3 3 2 2 1 1 2 3 2 2 2 3 1 3 1 3 2 1 2 2 2 2 3 2 3 3 1 2 3 2 2 3 1 2 2 2 1 3 2 2 2 1 2 3 2 2 2 2 3 2 4.69881235495565
3 3 2 2 3 2 1 2 3 3 2 3 2 2 2 1 2 3 2 3 1 2 1 3 2 2 2 2 2 3 3 1 1 2 2 1 2 3 3 1 2 2 3 2 1 2 1 1 2 1 3 2 2 3 2 2 1 3 2 2 3 3 2 2 1 3 1 3 3 2 1 2 2 3 1 2 1 2 2 3 1 1 3 2 2 1 1 1 1 2 1 3 1 3 3 2 3 3 1 3 10.7947858922754
2 1 3 2 2 2 1 1 3 1 3 2 2 3 2 2 2 3 2 1 1 2 3 1 3 2 1 1 1 1 3 1 3 2 3 1 3 2 2 2 3 2 3 1 3 3 2 2 1 1 1 2 2 1 1 2 2 1 2 2 3 3 3 1 2 3 2 2 3 1 2 1 1 2 1 3 1 2 2 1 2 2 2 2 1 2 1 2 2 2 3 2 1 1 3 3 2 1 2 1 2.09173426658561
1 2 3 3 1 1 1 1 2 2 3 2 3 2 2 2 2 2 3 2 2 2 2 3 3 3 3 3 3 1 1 2 3 2 2 2 1 2 2 3 2 2 2 2 2 2 2 3 1 2 2 3 3 3 1 2 1 1 2 1 3 2 2 3 1 2 3 2 3 1 2 2 1 3 2 2 2 3 2 2 3 2 2 2 2 2 2 2 3 2 2 2 2 1 2 1 3 3 1 1 3.94021858726617
3 2 3 3 1 3 2 2 3 2 2 2 1 3 1 2 2 2 1 3 2 2 2 1 1 3 2 1 2 1 2 1 2 2 3 3 2 2 1 2 2 2 1 3 2 3 2 2 2 1 3 2 1 1 2 3 3 3 3 3 3 2 3 2 2 1 2 2 3 1 3 3 2 1 2 3 2 2 3 3 2 1 1 2 1 2 1 2 3 2 3 2 2 1 3 2 2 1 3 2 6.85687908204898
2 2 2 3 2 2 2 2 2 3 2 3 3 2 2 3 2 2 1 2 2 2 1 1 2 3 2 3 1 3 1 2 2 1 2 1 2 2 2 3 2 2 2 3 2 2 2 2 2 2 3 2 2 1 3 3 2 2 2 2 3 1 1 2 2 2 2 1 3 2 1 2 2 1 1 3 1 2 3 3 1 3 3 2 3 3 1 1 1 2 2 1 2 2 3 2 1 1 2 2 5.83947279339794
2 2 2 2 2 2 3 1 1 2 3 3 2 2 1 3 2 2 1 1 1 2 1 3 1 2 1 3 1 2 2 3 3 2 2 2 1 1 3 2 3 1 1 1 2 2 2 2 2 3 3 2 1 3 3 2 3 3 2 2 1 2 2 3 2 1 1 2 3 2 3 1 3 3 1 1 2 2 2 2 1 2 3 1 3 3 3 1 1 2 2 2 2 2 1 2 1 2 2 2 3.1661573501055
3 2 2 1 2 2 3 3 1 1 3 2 2 2 2 3 2 3 3 2 2 1 2 2 3 1 1 3 2 1 2 3 2 3 2 3 2 3 2 2 2 1 2 2 1 2 2 1 3 2 2 2 2 1 3 2 2 2 1 2 2 2 2 1 2 2 2 1 2 2 1 2 3 3 2 3 1 2 2 3 2 3 3 2 1 3 2 2 1 3 2 2 2 1 1 2 2 2 1 2 5.19485512220895
3 1 2 2 2 1 2 1 3 1 2 3 3 2 1 2 1 3 2 2 2 3 3 3 2 1 1 2 1 2 2 1 2 2 2 2 2 2 2 1 2 3 3 1 2 2 2 2 2 2 2 2 1 2 1 1 3 3 1 2 2 3 2 1 2 2 2 2 2 1 3 1 3 1 3 1 3 2 2 2 2 2 3 1 2 3 1 2 1 2 2 2 2 2 1 2 2 3 2 2 2.77486434587743
1 1 3 2 2 2 2 2 1 3 2 2 2 3 2 2 3 1 2 3 2 2 3 3 1 1 3 1 2 2 3 1 3 3 3 1 2 3 2 1 3 2 3 2 2 2 2 1 2 2 2 2 1 3 2 2 2 2 2 3 2 2 2 3 2 2 2 2 1 1 2 1 2 2 1 2 1 2 3 1 2 1 2 2 2 3 3 1 2 2 2 2 2 3 2 1 1 2 2 2 1.07932500529211
1 2 2 2 2 1 3 2 2 2 1 3 1 2 3 1 2 2 2 2 3 1 3 3 2 2 2 3 1 3 2 2 2 1 2 1 3 3 1 2 1 3 2 1 2 3 1 1 1 1 2 1 1 1 3 2 2 1 2 1 2 3 2 2 3 2 3 2 1 3 3 1 3 2 3 1 1 1 2 3 1 2 2 3 2 1 3 2 2 2 2 2 3 1 1 1 1 3 1 1 3.74178991518598
2 2 2 1 1 3 2 1 3 2 3 2 1 1 1 2 1 1 2 1 2 3 3 2 1 3 2 2 2 1 1 2 2 1 2 2 2 3 2 1 3 3 2 3 1 1 3 2 1 2 3 2 2 3 3 3 2 1 3 2 3 2 3 2 2 1 1 2 3 3 2 2 1 3 1 1 3 1 3 1 2 1 1 1 2 2 2 2 3 2 1 3 3 2 2 3 3 2 1 3 4.81136742831621
2 1 2 2 3 2 3 2 2 3 1 2 2 3 3 2 3 3 2 1 1 1 1 2 2 2 1 1 3 1 1 2 3 2 2 3 1 2 3 3 2 2 2 2 2 2 2 1 1 2 3 2 3 2 3 2 1 1 3 2 3 2 3 2 3 2 1 1 2 3 1 2 2 1 3 3 1 2 3 2 2 2 1 1 2 2 2 3 2 3 2 3 3 2 1 3 1 2 3 2 1.98330783735797
3 3 2 1 3 1 3 3 3 1 3 2 2 3 1 1 2 2 3 2 2 2 3 2 2 1 2 3 1 1 2 2 2 3 3 2 2 2 2 2 1 1 2 2 2 2 1 2 1 2 2 1 1 2 3 2 2 3 3 2 1 2 1 2 1 1 1 3 2 2 2 2 1 3 3 1 2 1 3 1 2 2 3 2 2 2 2 1 3 2 3 3 2 2 2 2 2 2 2 2 9.62395572311501
3 2 1 2 2 1 3 2 1 3 2 2 2 1 3 2 2 3 3 3 1 3 3 2 1 1 2 2 2 2 2 3 1 1 2 1 1 2 2 1 3 2 3 2 2 3 1 1 2 2 2 3 3 2 1 2 3 2 1 1 2 3 2 1 2 2 3 3 2 2 2 2 1 3 3 1 2 3 2 2 2 2 2 2 2 1 3 2 2 1 2 2 1 2 2 2 3 2 2 2 5.62662144265076
2 2 2 3 2 3 2 1 2 3 3 1 1 3 2 3 1 2 2 3 2 1 2 2 3 2 2 3 2 2 3 1 3 2 1 2 1 2 3 3 2 3 3 1 2 2 2 1 1 2 2 1 2 3 2 3 2 2 2 2 1 1 2 1 3 2 1 2 3 2 3 3 2 1 3 2 2 1 3 3 2 2 2 1 2 1 1 2 1 1 2 3 2 3 3 1 2 1 2 1 5.18320450039465
2 2 2 2 3 2 2 1 1 2 3 1 2 2 2 2 2 3 2 2 1 2 2 3 2 3 1 1 2 3 1 2 2 3 1 2 2 3 2 2 2 3 2 2 2 2 2 2 2 3 1 3 3 2 3 2 3 2 2 3 2 2 3 2 3 1 2 2 2 1 1 3 2 2 2 3 2 2 3 2 3 3 2 3 1 3 1 2 3 2 2 3 2 2 2 2 2 2 3 2 4.83594975742112
3 1 3 1 3 2 1 3 2 3 1 1 2 3 1 2 1 1 2 2 2 2 1 2 2 3 2 3 1 2 3 2 2 2 1 3 2 3 1 2 2 3 1 1 1 1 2 1 2 2 3 1 1 1 3 1 3 3 1 3 3 1 1 2 1 1 3 3 1 3 2 2 3 2 2 2 2 1 2 2 1 1 1 3 2 3 3 1 1 3 2 2 2 1 1 2 2 3 3 2 3.00201120745311
2 1 1 1 2 2 2 2 1 2 2 1 2 1 2 1 3 3 2 2 2 2 2 3 3 1 1 2 3 2 1 3 2 1 2 2 1 2 3 1 1 2 2 3 2 1 2 3 2 3 1 1 2 3 1 2 1 3 2 2 2 1 2 3 3 2 3 1 2 3 2 3 1 2 1 2 2 2 1 2 2 1 3 2 3 2 2 2 1 3 1 2 3 2 2 1 1 2 3 2 1.40557655971701
3 3 2 1 2 3 2 1 2 2 2 1 1 1 2 2 2 2 2 3 2 3 2 2 3 1 2 1 3 3 3 1 3 3 2 3 2 2 2 1 2 2 2 2 3 2 2 1 3 2 3 2 3 2 1 2 2 3 3 2 1 1 2 3 1 3 2 2 2 1 2 3 2 2 2 2 1 3 2 2 3 2 2 1 1 1 3 2 1 2 2 2 2 2 3 2 2 2 3 2 8.19213238963284
2 2 3 2 3 1 2 1 2 2 3 2 1 1 2 2 1 2 2 3 3 2 2 2 3 3 2 1 2 2 2 2 1 3 2 1 1 3 2 2 2 2 2 2 2 2 2 2 2 2 1 2 2 2 1 2 2 2 1 3 3 3 1 2 3 1 2 2 2 2 2 2 2 2 3 2 1 2 2 2 2 2 2 3 2 1 3 1 3 2 3 2 2 2 2 3 1 3 2 2 4.27207324021761
2 2 2 2 1 1 1 2 1 2 2 1 3 1 1 2 2 2 1 2 2 2 1 2 3 2 2 3 3 2 1 2 2 2 3 2 2 1 2 3 2 2 3 2 3 3 2 2 1 3 1 2 2 3 2 1 2 1 3 2 1 2 3 2 2 3 3 3 1 1 2 3 2 2 3 2 2 1 3 1 3 3 1 2 3 3 2 2 1 2 1 3 2 3 2 3 2 2 2 2 5.0608477642522
1 3 1 2 1 2 3 2 2 1 1 2 1 2 2 2 1 1 3 2 1 2 1 2 2 2 2 3 2 3 2 3 2 2 3 3 2 3 3 3 3 2 3 3 1 2 1 1 1 2 2 2 2 2 2 3 2 1 2 2 1 3 2 2 2 1 2 3 1 1 2 3 3 1 2 2 2 2 1 3 2 2 3 1 2 1 1 2 2 2 2 3 1 2 3 2 3 3 1 2 7.77178215116726
2 2 2 3 3 2 2 1 2 2 2 2 2 1 2 3 2 2 1 1 3 2 3 1 2 3 3 2 1 1 2 2 2 1 2 3 1 2 3 2 2 1 2 2 2 2 2 2 3 2 2 2 2 2 2 3 1 3 1 2 3 3 2 1 1 3 2 1 2 3 3 2 1 2 2 2 1 2 1 3 3 2 3 2 1 1 3 1 2 3 1 3 1 2 1 2 2 2 2 3 5.06906437152412
3 1 3 2 2 3 2 1 1 1 1 3 2 2 3 3 3 2 1 1 1 2 3 1 1 3 2 1 2 2 1 1 2 1 1 2 2 3 2 1 3 3 2 2 2 1 3 1 1 1 2 3 2 2 1 2 2 2 3 3 3 2 2 1 3 3 2 2 2 3 3 2 2 2 3 1 2 2 2 2 1 2 2 3 2 2 3 3 3 1 2 3 2 1 2 2 1 2 3 1 4.24243241550138
1 2 3 2 2 2 2 1 3 3 1 2 1 3 2 3 2 2 2 1 2 1 2 1 3 2 2 3 1 3 1 2 2 3 2 2 1 2 1 2 2 3 1 2 3 3 2 1 3 1 2 2 3 1 3 1 2 1 1 3 2 1 3 2 2 1 2 1 2 1 3 3 2 3 3 3 3 2 2 3 2 2 1 2 2 2 1 3 2 3 2 3 2 1 3 2 2 2 2 2 4.90535673043976
3 2 3 1 1 2 1 1 2 2 2 2 3 2 3 1 2 2 3 2 3 2 3 1 2 1 3 2 2 1 3 1 2 1 2 3 1 3 3 2 2 2 1 1 3 3 2 2 1 3 1 3 3 2 1 2 2 1 2 2 2 2 2 2 3 2 3 2 2 2 2 2 1 1 3 2 2 1 2 2 3 3 1 2 3 3 2 1 1 2 2 1 1 2 2 3 2 3 2 2 6.74934717830871
2 2 2 2 2 1 3 2 2 2 3 2 1 1 2 2 2 3 2 1 1 1 1 2 3 2 2 1 3 1 1 3 3 2 3 2 3 2 2 2 3 2 2 2 3 1 2 2 2 2 2 1 1 2 2 1 2 3 3 2 1 1 3 2 2 2 3 2 1 1 3 2 3 1 3 1 2 1 2 2 3 1 1 2 3 3 3 3 3 3 2 2 3 1 2 1 2 2 3 3 4.96416324378529
2 2 3 2 2 3 2 2 2 2 2 2 2 2 1 1 3 2 1 2 2 2 1 1 2 3 2 1 3 2 2 2 2 3 2 1 1 1 3 1 2 2 1 2 1 1 1 2 1 2 3 1 3 3 2 2 2 3 2 3 3 2 1 2 3 2 2 2 2 2 2 1 2 2 2 2 1 2 2 2 2 1 3 2 2 2 1 2 2 3 3 2 2 2 2 2 1 3 2 3 5.69122942077129
1 1 2 3 1 1 2 3 2 3 3 1 3 2 2 3 2 1 2 1 2 2 3 2 1 1 2 2 1 1 2 3 2 2 2 2 2 2 1 3 2 2 1 2 2 3 2 2 2 1 2 2 1 2 3 2 2 2 3 1 1 2 2 3 2 2 2 2 2 1 3 1 2 2 3 2 3 3 1 3 2 3 1 2 1 3 2 2 2 2 3 3 3 1 2 1 2 3 2 1 2.56449241208874
1 2 2 1 1 2 2 2 2 3 2 3 2 2 2 1 1 1 1 1 2 2 3 3 2 2 3 2 2 2 1 2 2 3 1 3 2 2 3 2 1 3 2 1 1 3 2 2 1 3 3 1 2 2 2 2 3 2 1 2 3 2 2 3 1 2 2 2 2 2 1 2 3 1 2 2 2 1 2 2 1 3 2 2 3 2 2 2 1 2 1 2 2 2 3 2 2 2 2 1 3.8583420701916
3 3 2 1 3 1 1 2 2 2 3 1 3 1 3 1 2 3 2 3 2 2 2 2 2 3 1 1 2 2 2 2 3 2 2 2 3 1 2 1 1 2 2 1 3 1 2 2 1 2 3 1 3 3 3 2 1 3 3 1 2 2 2 2 2 2 2 2 2 2 1 3 1 1 3 2 3 3 1 1 2 2 2 3 2 2 3 3 2 3 3 2 2 2 3 3 2 3 2 2 10.4550966985913
2 2 2 2 3 2 1 2 2 1 2 2 2 3 2 2 1 2 3 2 2 1 3 2 2 2 2 1 1 1 2 1 1 1 3 2 1 2 2 2 1 2 1 2 1 1 1 1 2 3 1 1 2 3 2 2 1 2 2 2 2 2 1 2 3 2 2 1 2 2 1 2 3 2 3 1 3 1 2 1 3 2 2 1 3 2 2 3 3 2 2 3 2 3 3 2 2 2 1 3 5.20550578409148
3 2 3 3 1 1 3 3 2 2 2 3 1 2 2 2 2 2 1 2 1 2 2 3 2 2 2 1 3 3 2 2 2 1 3 2 2 2 1 2 1 1 1 2 2 1 3 2 2 2 2 1 2 1 2 3 3 2 2 3 3 2 2 2 3 3 1 2 1 1 2 3 2 2 1 2 1 3 2 2 2 1 2 2 1 1 2 1 2 1 2 2 3 2 2 1 3 1 3 2 5.89678785032034
2 2 3 3 2 2 3 3 3 2 2 2 1 2 2 2 3 2 1 3 3 3 3 3 3 3 2 3 3 2 2 2 2 1 1 2 2 1 2 2 2 1 2 3 2 1 1 2 2 2 2 2 2 1 2 1 2 2 2 2 2 2 3 3 3 2 2 3 2 3 2 2 1 1 2 2 3 2 3 1 2 2 1 2 2 2 2 3 3 1 2 1 2 3 1 1 2 1 2 2 4.76551775604606
2 1 2 2 2 2 3 1 2 3 2 3 1 2 1 2 2 2 3 3 2 3 3 2 2 2 2 2 2 2 1 1 2 3 2 3 2 2 3 2 3 3 1 1 2 2 1 3 1 2 1 2 2 2 2 1 2 2 2 2 2 2 2 2 2 2 2 1 3 2 1 1 2 1 2 2 2 3 1 1 2 2 2 1 2 2 3 1 1 3 3 1 1 2 2 2 2 3 1 2 1.91412532964574
1 2 3 2 1 1 1 1 1 1 2 2 3 2 2 3 2 1 2 3 2 3 2 3 2 3 2 2 3 2 2 1 2 2 2 2 2 2 2 2 2 2 1 2 3 3 3 3 2 3 3 2 1 2 2 2 3 2 2 2 1 3 2 1 2 2 2 2 1 1 3 1 1 2 3 2 2 3 3 1 1 3 1 3 2 3 2 1 1 1 3 3 1 1 1 3 2 2 3 2 2.26706981828357
1 2 1 2 1 3 1 2 1 2 2 1 1 1 3 2 2 2 3 2 2 2 2 2 2 2 2 2 1 2 1 2 2 2 2 2 1 2 1 1 1 1 1 2 2 1 1 3 2 2 3 2 2 1 2 2 2 2 2 2 3 3 3 2 1 2 2 2 3 2 3 3 2 2 2 3 1 2 2 1 2 1 1 1 3 1 2 1 1 1 2 2 2 3 2 2 3 2 3 2 3.87389775920702
1 1 1 2 1 3 1 1 2 2 2 3 2 1 2 1 2 2 2 1 3 1 2 3 2 1 1 1 2 2 2 3 1 2 3 2 3 2 2 1 2 2 1 2 1 2 2 1 2 1 2 1 2 3 3 1 2 2 2 1 2 1 2 1 1 2 2 2 3 1 3 2 1 2 2 2 3 1 2 2 2 1 2 3 1 2 3 2 1 3 2 2 2 2 2 1 2 2 2 2 6.30642844163026
3 3 1 1 3 2 2 1 1 3 3 2 2 2 2 3 2 2 2 2 2 1 3 2 1 2 2 2 3 2 1 3 3 3 1 3 3 2 2 2 3 2 2 2 1 1 2 2 3 2 2 1 1 1 2 1 2 3 1 2 1 1 2 2 1 2 2 3 1 3 2 2 2 3 1 1 1 3 3 2 2 2 2 1 2 1 2 2 2 3 2 1 3 2 2 2 2 3 2 3 9.41715727751166
2 1 3 2 1 2 1 1 3 3 3 2 1 2 3 3 1 2 1 2 1 3 1 1 2 2 2 3 2 1 1 1 2 2 2 2 3 2 2 2 1 1 3 1 1 1 2 3 3 1 2 2 2 2 2 3 2 1 2 2 2 3 2 2 2 3 2 2 1 2 2 3 3 1 1 2 3 1 3 3 3 1 1 1 2 1 2 3 2 2 2 3 2 2 1 3 2 2 2 3 1.52010632178659
2 2 3 1 2 3 2 2 2 2 2 3 3 2 2 2 2 3 3 1 2 3 1 1 2 2 2 2 2 1 2 2 2 1 1 2 3 2 3 1 2 3 2 3 2 1 2 1 2 3 3 3 2 3 2 2 1 2 2 3 2 2 2 2 2 1 2 1 2 3 2 2 2 3 3 1 2 2 2 3 2 3 2 1 3 2 2 2 2 3 2 2 1 1 1 2 3 2 3 2 4.90930791745039
2 2 3 3 1 2 2 1 2 2 2 3 2 3 3 2 2 3 2 2 1 2 2 2 2 2 2 2 2 3 2 3 1 2 3 2 1 3 2 1 3 3 1 2 3 2 3 2 1 2 2 2 1 2 3 2 2 3 3 2 2 2 2 3 3 2 1 2 1 2 3 2 2 2 2 2 3 1 1 3 2 2 3 3 2 3 2 2 2 2 2 2 2 2 1 3 3 2 1 3 4.65625138696652
1 1 3 2 2 2 2 2 2 2 2 2 1 2 1 2 3 3 2 1 3 2 2 3 2 3 1 2 1 3 3 3 3 2 2 2 3 3 2 1 1 2 1 2 3 3 3 2 2 2 2 2 2 1 2 2 3 2 3 1 2 2 2 3 2 1 3 2 1 3 2 2 2 2 2 2 2 2 1 2 2 2 1 2 1 1 2 1 1 3 3 1 2 3 3 2 2 3 3 2 3.43670743671967
1 3 1 3 2 2 1 2 3 3 2 3 1 1 2 1 3 2 3 1 2 3 3 1 2 3 1 2 1 1 3 3 2 1 3 2 1 1 2 2 1 1 2 2 2 2 1 2 2 2 1 2 2 3 3 2 2 3 3 1 2 1 1 1 3 2 3 2 1 2 2 2 1 1 2 1 2 1 2 3 1 3 3 1 2 1 3 1 1 1 1 3 2 2 3 2 3 1 2 1 6.75529734480891
2 1 1 1 3 3 2 2 2 1 1 2 1 2 2 2 2 2 3 2 3 1 3 1 3 2 1 3 2 3 2 2 3 2 2 1 2 1 2 1 1 3 3 3 3 1 2 1 3 1 1 1 2 2 3 2 1 3 2 1 1 2 2 2 1 3 3 2 2 1 3 3 2 2 1 2 3 2 2 2 1 2 2 3 1 2 2 2 1 2 1 1 3 2 1 2 3 1 1 1 2.39129640332634
2 1 3 2 2 2 2 2 1 3 1 2 2 1 2 2 1 2 2 2 1 2 1 2 3 3 3 2 1 2 2 3 1 2 3 1 2 2 1 1 2 2 2 2 2 2 3 1 2 2 1 3 2 1 2 1 1 3 3 3 1 1 2 1 2 3 2 2 2 1 2 2 1 2 2 2 2 1 2 3 2 2 2 3 1 1 3 2 2 2 1 2 1 2 3 3 2 2 3 2 2.38351204866284
2 1 1 2 3 2 1 3 2 3 3 2 2 2 3 1 3 3 1 2 3 1 1 3 3 1 1 2 2 1 3 3 3 1 2 2 2 2 2 3 2 3 1 1 2 1 2 3 2 3 2 2 2 3 3 2 3 2 3 3 3 2 1 2 2 3 2 3 2 1 2 2 2 1 1 2 1 1 1 2 3 2 2 3 2 2 1 3 2 2 2 2 1 1 3 2 3 3 2 2 1.07332521851465
2 1 1 2 1 2 2 3 3 2 1 2 3 1 3 2 1 2 2 1 2 3 2 1 2 2 2 1 1 2 2 3 1 2 1 2 1 2 3 3 2 2 1 2 1 1 2 1 1 3 1 2 2 1 2 3 2 2 3 2 1 3 1 2 2 2 2 2 3 3 1 1 1 2 3 3 2 2 2 3 2 2 2 2 1 3 2 1 1 1 1 3 2 2 2 2 2 2 1 3 3.24442212183557
2 2 2 3 3 2 1 3 1 2 3 2 2 2 1 1 3 2 3 2 2 2 1 1 2 1 2 1 2 2 2 2 3 2 2 3 2 1 3 2 3 2 1 1 3 2 2 2 2 1 3 2 1 1 2 2 2 2 2 2 1 2 3 2 2 3 2 1 1 3 3 2 2 2 1 3 2 2 2 1 1 3 2 2 3 1 2 2 1 2 3 2 2 2 3 2 3 1 2 1 7.78941133945191
3 2 3 2 1 1 1 1 2 2 1 3 2 3 1 1 2 1 3 2 3 2 2 1 1 1 1 2 2 2 3 2 1 3 1 1 3 1 2 2 2 3 1 2 3 2 3 3 1 2 2 3 1 1 2 2 1 2 1 2 2 3 2 1 1 2 3 3 2 1 3 2 1 3 1 1 2 2 3 1 2 2 2 2 2 3 2 2 1 1 1 2 3 2 3 3 3 2 3 2 4.53079388471406
3 2 2 3 3 2 2 2 3 3 3 2 1 3 1 2 2 2 2 2 1 2 1 2 2 3 1 1 2 2 3 2 1 2 2 2 2 1 2 2 2 2 3 3 2 3 2 3 1 1 2 2 2 2 2 3 2 2 3 2 1 3 2 2 2 2 1 3 2 3 3 2 1 2 2 2 2 2 2 2 1 1 1 1 3 3 3 2 2 2 3 2 1 1 2 2 2 1 2 2 4.72837554097964
2 1 3 1 3 3 1 3 1 2 2 1 3 3 2 1 2 2 2 2 1 2 2 2 2 2 3 2 2 1 2 2 2 2 1 1 2 3 3 1 3 2 2 3 2 2 1 2 2 1 2 2 1 3 3 2 1 2 3 1 1 1 3 2 2 1 3 1 3 3 2 3 3 2 3 2 1 2 3 2 2 1 3 2 2 3 3 3 1 1 3 3 2 1 1 2 3 2 2 3 -0.138332170184652
2 1 1 3 3 2 2 1 3 2 2 1 1 2 3 2 3 3 2 2 3 2 3 3 2 1 1 3 3 2 3 3 2 1 2 1 2 3 2 1 2 2 3 3 1 2 1 1 2 1 2 2 2 2 2 2 2 1 1 2 2 3 2 1 1 3 3 3 1 1 2 2 1 3 2 2 3 2 1 2 2 2 3 2 2 3 2 3 3 1 2 2 2 2 3 3 3 3 2 2 2.0866058674684
2 1 1 2 1 2 1 2 3 1 3 1 3 2 2 2 2 2 2 2 2 1 2 1 2 2 2 1 1 2 3 2 2 3 1 2 1 2 3 3 3 1 3 2 2 2 3 2 1 2 1 3 2 1 2 1 2 2 2 3 2 2 2 2 2 3 1 1 3 2 2 2 3 2 2 3 2 3 1 1 2 1 1 3 1 3 2 2 3 2 1 2 2 1 1 1 2 2 2 2 2.06366268174371
2 2 3 2 3 1 2 2 3 2 2 1 1 2 2 2 1 3 1 3 2 2 2 1 1 3 1 3 2 1 2 3 2 2 3 1 2 1 2 1 3 2 1 2 2 1 1 3 1 2 1 2 3 2 2 1 1 2 2 2 1 3 2 1 2 2 2 2 2 1 1 1 1 1 1 2 3 1 2 2 3 1 3 1 1 2 3 2 2 2 2 1 1 2 1 3 1 3 2 2 3.89110685708098
3 3 1 2 2 2 1 1 2 2 3 2 2 2 1 3 1 2 2 2 2 3 2 1 3 3 1 1 3 2 3 1 1 3 2 3 2 2 1 2 2 3 2 3 2 2 2 2 1 1 2 2 1 2 1 2 2 1 1 3 3 2 2 2 2 3 3 3 2 2 3 2 2 3 1 3 1 2 2 1 2 3 1 2 3 2 2 2 3 2 2 3 2 2 2 2 3 2 1 2 8.12548147097963
2 2 2 2 1 1 2 1 2 3 1 2 2 1 2 1 1 3 2 2 2 1 1 2 2 2 1 1 3 2 2 1 2 2 2 2 2 2 1 1 3 3 3 2 1 2 2 2 2 2 1 3 2 3 3 3 1 2 2 3 1 1 1 2 1 3 2 2 2 3 2 3 2 3 3 1 2 1 1 1 1 2 3 3 2 2 2 3 2 1 1 2 2 1 1 2 2 2 1 1 5.51022697454433
3 1 1 2 3 1 1 2 1 1 1 2 3 1 1 1 1 2 1 3 2 1 2 2 3 3 1 1 2 2 2 2 2 3 3 3 3 3 2 2 3 3 3 1 2 1 3 3 1 2 2 2 3 2 2 2 2 2 3 3 2 2 2 2 3 2 3 2 3 3 2 2 2 1 2 3 3 1 3 1 2 2 2 3 3 2 2 3 3 1 2 1 2 1 1 1 3 2 2 2 5.02971701144035
2 2 1 3 1 2 1 3 2 1 3 3 2 1 1 2 3 1 2 2 3 1 3 2 2 1 3 2 1 2 3 1 2 1 2 1 2 2 1 1 2 1 1 2 1 1 2 2 3 2 2 3 1 3 2 2 2 3 2 2 2 3 2 2 2 2 3 2 3 3 1 1 3 3 3 1 3 1 2 3 2 2 1 2 3 2 3 3 3 3 1 2 3 2 2 2 2 3 3 2 6.09238183597747
3 3 2 1 2 1 3 3 2 3 2 2 2 1 3 3 2 1 1 2 1 3 2 3 3 2 3 2 1 2 2 3 2 1 2 3 2 1 1 2 1 3 2 2 3 2 1 2 2 2 3 2 2 2 2 2 1 2 1 3 2 1 3 2 2 2 3 2 2 2 2 2 2 1 1 3 2 3 2 1 1 3 2 2 1 3 1 2 2 1 2 1 2 2 3 1 2 1 3 3 8.66459602077551
2 3 1 3 3 2 2 2 2 2 3 2 2 3 1 1 2 1 1 2 2 2 2 2 2 2 2 3 2 2 1 3 3 2 3 2 1 2 1 1 1 1 2 3 1 2 3 2 3 3 1 2 2 1 3 2 2 2 2 2 2 2 3 3 1 1 1 2 2 2 1 1 1 2 3 1 2 2 2 1 3 3 2 2 3 2 2 2 2 2 3 2 2 1 3 1 3 2 2 1 5.78491652064473
3 3 2 3 3 2 2 1 2 1 2 2 3 1 2 2 3 3 2 2 2 1 3 2 2 2 2 3 3 2 2 3 1 2 3 2 2 2 2 2 3 2 2 2 3 2 2 1 2 3 2 3 3 2 2 1 3 3 2 2 2 2 2 3 2 2 2 1 2 3 2 2 3 1 3 2 3 1 3 2 2 2 1 3 1 3 2 1 3 3 2 1 2 2 3 2 2 2 3 1 9.34595665999918
2 3 2 2 2 2 2 2 2 2 3 2 1 1 2 2 2 2 2 1 1 2 2 3 2 2 3 2 3 1 1 2 2 2 3 1 2 1 2 1 2 2 2 2 1 2 1 2 2 1 2 3 1 2 3 2 1 2 1 1 3 1 2 2 2 2 2 2 1 2 2 1 3 3 1 3 2 2 1 2 1 1 1 2 3 2 2 3 2 3 3 2 1 2 2 3 3 2 2 2 8.85092328209843
2 3 1 2 2 2 2 2 1 3 1 3 2 2 2 2 2 2 1 2 2 2 2 1 2 3 2 3 3 2 2 1 3 1 2 1 1 1 2 3 2 2 1 3 1 3 3 3 2 2 3 1 2 3 1 3 2 2 3 2 3 2 3 1 1 2 2 2 3 3 1 3 2 2 3 3 3 2 2 2 2 3 2 2 2 2 1 3 3 2 2 2 2 2 2 1 1 3 1 2 8.85986138552767
2 2 3 3 2 2 3 2 2 1 2 2 2 2 3 1 1 3 2 2 1 1 3 2 2 1 1 3 3 3 2 1 2 3 3 3 2 2 2 2 3 1 3 1 2 3 3 2 2 2 2 2 1 1 3 1 1 2 3 3 2 1 2 1 3 1 1 2 2 2 2 2 1 2 3 2 2 2 2 2 1 1 1 3 3 2 2 3 2 2 3 2 2 1 3 1 3 3 1 2 5.73618672470377
2 3 2 3 2 2 3 2 3 2 2 2 2 1 2 1 2 2 1 3 3 2 3 2 2 3 3 3 2 2 2 3 2 2 3 3 2 2 2 2 3 2 2 2 3 3 2 1 1 3 2 3 2 2 2 3 2 1 2 2 3 2 1 1 1 3 1 3 1 2 2 2 1 2 2 1 2 3 1 2 1 2 1 1 3 3 1 1 2 1 3 2 2 3 3 1 2 3 2 3 7.66530242541809
2 2 2 3 3 2 2 2 2 1 2 2 2 1 2 3 2 2 1 1 2 2 2 3 1 2 3 1 2 2 2 1 1 1 3 1 2 1 2 2 3 2 3 1 2 3 2 1 3 1 2 2 1 2 2 2 2 3 3 1 3 1 3 2 2 2 2 1 2 1 2 3 1 3 3 2 2 2 1 3 3 3 2 2 3 1 1 1 1 2 2 3 2 3 2 2 2 3 2 3 5.32029339680592
3 2 1 2 1 2 2 2 2 2 2 2 3 3 2 2 2 2 2 3 2 2 3 1 2 2 1 2 1 3 1 2 1 1 1 1 2 2 1 2 2 3 1 2 3 3 3 2 2 1 2 2 2 2 3 1 3 2 2 3 2 2 1 2 2 2 1 3 3 3 1 2 1 3 2 2 2 2 2 1 2 2 1 1 2 1 2 2 2 1 1 2 1 3 2 1 2 2 1 3 6.10505269021998
3 2 2 2 2 1 1 3 2 2 2 3 2 3 3 3 1 3 1 3 2 1 3 1 3 2 2 2 3 1 2 3 3 3 2 1 3 2 2 2 2 3 3 2 2 2 2 2 1 2 2 2 2 3 1 2 1 2 2 2 2 2 2 2 3 3 1 3 2 1 2 2 1 1 1 2 2 3 3 2 2 3 2 2 1 3 3 1 1 3 1 3 1 2 3 1 2 1 2 2 7.64338611955786
2 3 2 3 2 2 1 2 1 1 3 3 2 2 1 3 2 3 2 2 1 2 3 2 1 1 3 2 2 3 1 1 3 3 1 3 2 3 2 2 2 1 2 2 2 2 2 3 3 2 2 1 2 2 1 2 2 1 2 1 2 3 2 3 3 3 2 3 2 2 2 3 2 3 2 2 3 3 2 3 3 2 2 2 1 2 3 2 2 1 3 2 1 3 2 1 3 3 1 1 9.06389926757708
1 2 2 1 3 2 2 3 2 1 1 2 1 2 2 3 3 2 2 1 3 2 2 1 1 2 2 1 2 3 3 3 2 3 2 3 3 2 2 2 3 2 2 2 3 2 2 1 2 2 2 2 3 2 3 1 2 3 3 2 2 2 2 3 2 3 2 1 2 1 2 2 3 2 1 3 2 3 3 3 2 2 3 2 2 1 3 2 1 2 2 1 1 3 1 1 2 1 2 3 4.5460027666355
2 3 3 3 1 1 2 1 2 2 1 2 2 1 2 3 2 1 3 1 2 2 2 2 2 3 1 3 1 1 2 1 3 2 3 1 3 2 3 3 2 3 3 2 3 2 1 3 1 1 2 3 2 3 1 2 2 1 3 2 2 1 2 2 2 2 1 1 2 2 2 2 2 1 2 2 1 3 2 2 3 3 2 3 2 2 2 2 2 1 2 3 3 2 3 3 1 3 1 2 8.17349849677487
2 2 3 3 2 3 1 3 1 3 2 3 1 2 2 1 2 3 2 2 1 3 2 1 1 3 1 2 3 1 1 2 2 1 2 2 1 2 1 1 1 1 1 1 2 3 2 2 1 2 1 2 2 1 1 3 1 1 2 2 3 2 2 1 1 1 3 2 2 2 1 2 3 1 2 2 2 2 1 2 3 3 3 2 3 2 1 1 2 2 2 1 3 1 1 3 3 2 2 2 5.13337727208009
2 2 3 2 2 2 2 1 3 3 2 2 2 2 3 2 3 3 1 2 2 2 2 2 2 2 2 2 2 2 2 2 3 2 1 3 2 3 2 3 2 3 2 1 1 2 2 2 3 2 3 3 3 1 2 1 2 2 2 1 2 1 1 1 3 2 2 3 3 1 1 2 1 3 1 3 2 1 2 2 1 1 1 2 2 2 2 2 3 1 1 1 2 1 3 2 2 2 2 1 6.07174655472286
2 3 3 3 2 3 2 1 2 1 3 2 1 2 1 2 1 1 1 3 1 1 1 2 3 2 1 2 3 2 2 2 1 2 3 2 2 1 2 3 2 2 2 2 2 3 1 2 2 2 3 3 1 2 2 2 3 3 2 2 2 2 2 1 3 3 2 2 2 2 2 1 2 3 2 1 2 2 2 1 2 3 2 2 3 3 3 1 2 2 3 3 1 2 1 3 2 2 1 2 8.6976616908365
2 1 3 3 3 2 2 3 2 1 2 2 2 2 1 3 3 1 2 2 2 1 3 1 2 2 1 2 3 3 2 2 1 2 3 3 2 2 1 2 3 2 2 2 2 2 2 1 1 3 1 3 1 2 2 2 2 2 3 2 3 1 3 1 2 1 1 2 3 2 1 2 2 3 2 1 3 1 2 2 2 3 2 2 2 2 3 1 1 2 2 2 1 2 2 3 3 2 2 2 1.89481760924945
1 3 2 1 2 2 2 3 2 2 2 2 1 2 2 3 2 3 3 3 2 2 2 2 2 3 3 3 1 3 2 2 3 2 2 1 2 2 2 1 1 2 2 1 3 1 2 3 1 2 3 2 2 3 3 2 3 2 2 1 3 2 1 2 1 2 2 1 2 1 2 2 3 2 3 1 1 2 1 2 1 1 2 1 2 3 3 1 2 1 2 2 2 2 2 3 1 2 1 3 7.43565002546348
2 3 3 1 3 1 3 2 1 2 1 2 2 1 3 3 1 2 2 2 2 3 3 3 3 1 2 3 2 1 3 2 1 2 2 3 1 1 2 3 1 3 3 1 2 3 2 2 2 3 3 2 2 2 2 2 2 3 2 3 3 2 1 2 1 2 2 2 1 2 2 3 3 2 1 2 2 2 1 2 1 2 3 3 1 2 1 2 2 3 2 2 3 3 2 2 3 3 3 3 7.47056677995327
2 3 3 1 1 2 3 1 2 2 3 2 2 2 3 3 2 2 1 1 3 2 1 3 2 2 2 3 1 3 2 2 1 3 3 2 2 3 1 2 2 1 1 1 3 2 2 2 2 1 1 2 1 3 2 3 2 2 1 1 2 2 3 1 3 1 3 3 3 3 2 3 2 1 2 2 3 3 3 1 2 2 1 2 2 3 2 1 2 2 2 3 1 1 2 3 3 2 2 2 6.82923524791663
3 1 1 3 2 1 3 1 3 3 2 3 3 2 1 2 2 3 2 2 3 2 2 2 2 2 3 2 3 2 2 2 3 2 2 2 1 2 3 1 2 1 2 1 2 3 1 1 1 3 2 2 3 1 1 3 3 2 2 1 2 2 2 3 3 3 1 1 1 2 3 3 2 1 2 2 2 2 2 1 2 1 1 3 2 1 3 3 1 2 3 1 2 3 3 3 3 1 2 3 2.85299359700058
2 1 2 2 1 2 3 3 2 3 2 1 2 3 2 2 2 1 1 2 3 2 1 3 2 3 2 1 1 2 2 2 2 2 1 3 1 3 2 3 1 2 2 3 2 1 2 2 3 2 3 1 3 3 3 2 2 2 2 3 3 1 2 1 2 2 2 2 3 2 2 2 1 2 2 1 1 2 2 2 2 2 1 3 2 2 2 2 1 2 2 2 2 2 1 3 2 2 3 2 3.28388903871276
3 2 2 3 3 3 2 1 2 3 2 3 2 1 2 3 3 2 3 1 2 2 3 1 2 2 1 2 2 3 3 1 3 1 2 3 2 3 2 1 3 2 2 3 1 3 3 2 3 2 3 3 3 1 2 1 2 1 2 3 2 3 3 3 1 3 3 3 2 3 2 2 2 2 1 2 2 2 2 1 2 3 2 1 1 2 2 2 1 2 1 2 2 2 2 2 2 2 2 2 6.74907481843061
1 2 2 2 1 2 3 2 3 3 1 1 3 2 1 1 3 2 1 3 3 2 2 2 3 3 2 2 3 1 2 2 3 1 2 2 3 2 2 2 2 1 2 2 3 3 2 1 2 2 2 2 3 1 2 2 2 2 3 2 3 2 2 2 2 1 1 1 1 2 2 1 1 3 1 1 3 1 2 1 1 2 2 3 3 2 1 2 2 2 3 3 2 1 3 2 2 1 2 1 2.43529991974005
2 1 3 1 2 2 2 2 2 3 2 1 3 2 1 2 1 2 3 3 2 1 3 3 2 1 1 1 1 2 2 3 3 3 3 2 2 2 3 2 2 2 3 3 1 1 2 1 3 2 1 3 1 2 1 1 3 2 3 3 1 2 1 3 1 3 3 2 3 2 2 2 2 1 1 2 2 2 3 2 2 3 3 1 2 1 2 1 2 1 2 2 2 2 2 3 2 1 2 3 2.89630129173983
2 2 3 1 1 2 1 2 2 2 2 2 1 2 2 3 2 3 2 2 2 1 2 2 2 1 1 3 1 1 2 3 1 2 2 2 2 1 2 2 3 2 3 2 3 2 2 2 2 2 2 2 3 2 1 1 2 2 2 2 2 1 3 2 3 3 2 2 1 1 1 2 2 3 1 2 2 2 1 1 2 2 3 3 2 1 1 2 2 2 3 2 3 3 2 3 2 3 1 3 4.91280576001418
1 1 1 1 2 2 1 2 1 2 2 2 3 2 3 2 2 2 2 2 1 1 2 2 2 2 3 2 3 2 2 1 2 2 2 3 2 2 1 3 3 1 3 1 1 2 1 1 1 2 3 2 1 2 1 2 2 2 2 2 2 2 2 3 2 2 1 2 2 3 2 1 2 3 1 2 1 2 1 2 3 2 3 2 3 2 3 2 2 2 1 1 1 1 3 1 2 2 1 2 5.93863757266214
2 2 2 2 1 1 2 1 2 2 1 3 2 3 2 2 3 2 2 1 1 3 3 2 2 3 1 2 2 1 3 2 3 2 3 2 3 2 3 2 1 2 2 2 3 2 1 3 3 2 1 3 3 2 2 2 3 3 2 1 1 1 1 3 2 1 2 3 3 3 3 2 2 1 2 2 2 3 2 3 1 1 2 2 1 1 2 2 2 3 3 3 3 2 2 2 2 3 2 2 5.33539831869051
3 1 2 1 3 3 3 3 2 2 2 1 2 2 3 2 1 2 1 2 2 2 3 1 3 3 1 2 2 1 2 3 1 2 2 1 2 2 3 2 2 2 2 1 2 2 2 1 2 3 3 2 1 3 2 2 2 2 1 2 1 2 3 2 1 2 2 3 2 3 1 2 3 1 3 1 3 3 1 2 2 1 1 2 3 2 3 1 3 2 3 2 2 2 2 2 2 1 2 3 3.42463659448354
3 2 2 2 3 1 2 1 1 3 3 2 3 3 3 2 2 3 2 1 2 2 2 2 2 2 2 2 2 1 1 2 3 2 2 2 2 3 2 2 2 2 2 2 3 2 1 2 2 1 3 3 2 2 2 2 1 1 2 3 2 2 1 3 2 3 3 2 1 3 2 3 2 2 2 1 3 2 3 2 2 2 3 2 2 2 3 3 2 2 2 2 1 1 1 2 1 2 1 2 5.95493067705663
3 2 1 2 3 2 2 1 1 2 2 2 3 2 2 2 2 1 2 2 2 3 2 2 2 1 2 3 2 1 1 1 2 1 2 2 1 2 1 3 2 2 1 2 1 2 2 1 1 2 3 2 2 2 1 1 2 3 2 2 2 1 1 3 2 2 3 2 2 1 3 3 3 2 2 2 2 2 3 3 1 3 1 3 1 2 2 2 2 2 1 2 1 3 2 2 1 1 2 2 4.7293764416848
3 3 3 1 2 3 3 3 1 2 2 2 2 2 2 1 2 2 2 1 2 2 1 1 2 2 1 1 1 2 1 3 2 1 2 3 2 3 1 3 3 1 3 1 3 2 1 3 1 1 2 2 2 2 1 2 3 2 3 3 3 2 2 3 2 1 2 3 2 3 2 2 2 2 1 1 2 2 3 3 2 2 3 2 1 1 3 3 2 1 1 3 1 3 1 3 3 2 2 3 7.40960521292127
2 1 2 1 1 3 2 2 2 1 2 1 3 2 2 2 1 3 3 1 2 2 3 1 2 2 1 2 2 2 2 2 2 1 2 2 2 1 1 3 1 2 2 2 2 2 1 2 3 3 2 1 3 2 3 3 2 3 3 3 1 2 2 2 2 3 3 2 2 2 2 2 3 2 1 3 1 2 1 3 1 3 3 2 2 1 1 3 3 2 2 1 2 3 1 1 2 2 1 2 1.03243953888241
3 2 2 2 2 2 1 2 2 2 2 2 2 3 3 3 3 2 2 2 3 3 2 3 1 1 2 3 3 1 3 3 1 1 3 3 1 3 2 1 2 1 3 2 2 1 2 3 3 2 2 3 1 2 3 2 2 2 1 2 3 2 1 3 2 2 1 1 3 2 2 1 3 3 2 2 1 3 3 2 2 3 2 3 3 1 2 3 2 2 3 2 1 1 3 2 2 2 2 3 3.87715746021771
2 3 3 2 2 3 2 2 3 2 2 3 3 2 2 1 2 2 1 2 3 2 3 1 2 2 1 2 2 1 2 1 2 2 2 3 2 2 2 1 2 1 3 2 2 1 3 1 2 1 2 2 2 3 2 2 3 1 2 3 2 2 3 2 2 2 3 2 3 3 1 1 3 1 1 3 2 2 3 2 1 2 2 3 3 2 3 2 3 2 2 2 2 3 1 3 2 1 1 2 8.03417585215054
2 2 3 2 1 2 1 3 1 2 1 2 2 2 2 1 2 3 2 2 3 3 3 1 3 2 1 3 1 3 2 3 1 3 2 1 2 2 3 3 2 2 2 2 2 3 2 1 3 1 2 2 2 1 1 2 2 3 2 2 3 1 2 2 3 2 2 1 2 3 1 3 2 1 3 2 1 3 2 1 2 2 2 1 3 2 3 1 2 1 1 2 2 2 1 3 1 2 2 2 4.62955029360387
1 2 2 1 3 2 3 1 1 3 3 2 1 2 3 2 2 2 2 2 3 2 2 2 2 1 2 2 1 3 3 1 2 2 3 1 2 1 2 2 2 2 2 3 2 3 1 2 2 1 3 2 1 2 2 3 2 2 2 2 2 3 3 1 2 2 3 2 3 2 3 3 1 2 3 2 2 2 3 1 2 1 3 3 3 2 3 2 3 2 3 1 3 1 3 2 1 3 2 2 4.75478711297052
2 2 1 3 3 3 2 3 2 2 2 3 2 2 3 3 1 2 1 3 1 2 3 1 2 3 2 1 2 2 3 1 2 2 1 1 3 3 2 1 2 3 2 2 2 3 2 2 2 2 2 1 2 1 3 1 3 2 2 1 3 1 2 3 3 2 2 2 1 2 1 1 2 2 2 2 3 2 3 2 2 2 2 3 2 3 2 2 3 3 1 2 3 1 2 1 2 2 2 1 6.63824236639959
2 3 3 2 3 3 2 2 3 2 2 2 2 3 2 2 2 2 2 2 2 1 1 2 1 3 1 2 3 3 1 2 2 3 3 2 3 2 3 2 2 2 1 2 1 2 1 2 2 2 2 2 2 2 2 2 2 2 3 1 1 1 1 2 2 2 2 3 2 3 2 1 2 3 2 2 3 1 2 3 2 1 2 2 3 3 3 1 2 1 2 2 3 3 2 3 2 2 2 3 8.07508508416547
3 1 2 2 3 1 3 1 2 3 3 2 1 2 2 2 2 2 2 2 2 2 3 3 3 2 1 1 3 1 3 3 2 1 3 1 1 3 3 3 2 1 2 2 2 3 2 1 3 2 1 1 2 2 1 3 2 2 2 2 1 2 2 1 1 2 1 3 2 2 2 2 2 1 3 3 2 2 3 3 2 2 2 1 3 3 2 1 1 1 2 2 2 1 2 1 2 2 1 1 2.20091364520733
2 2 2 2 2 1 2 2 3 1 2 2 2 2 2 2 1 2 2 3 1 2 2 1 2 2 2 2 2 3 2 1 2 1 2 2 2 2 3 3 1 3 2 2 2 3 2 2 2 2 3 2 1 1 1 2 2 1 2 3 2 2 3 1 3 2 2 2 1 2 2 3 2 2 3 3 1 3 2 3 2 2 2 2 2 2 1 1 2 3 2 2 3 3 3 1 3 3 3 2 5.51303652793491
3 2 2 3 2 1 3 2 1 3 1 1 2 2 1 2 2 3 3 2 2 1 2 2 2 3 2 2 2 2 3 2 2 2 1 2 2 2 2 3 3 2 1 1 3 3 3 2 3 2 3 2 3 1 3 2 1 1 1 3 2 3 2 3 2 1 1 3 2 2 2 1 3 2 2 3 1 2 1 2 3 2 2 2 2 2 2 1 3 2 2 2 3 3 2 2 2 2 1 2 5.8193877548452
1 2 2 1 1 1 3 3 2 1 3 1 2 2 3 2 3 3 2 2 1 2 1 3 2 1 2 2 2 2 3 2 2 2 1 2 3 1 3 2 1 1 2 2 2 3 2 2 2 3 1 1 2 3 2 2 1 2 3 1 1 2 3 1 2 3 3 1 3 2 3 2 3 1 2 3 2 3 2 1 3 1 2 2 2 1 2 2 1 3 2 1 2 3 3 2 1 2 2 3 3.57330590917164
3 2 1 2 3 2 3 1 2 2 3 3 2 3 1 2 1 1 1 2 2 3 3 2 1 1 2 2 3 2 3 3 2 1 2 2 3 3 1 1 2 2 2 1 3 1 2 1 3 2 1 1 3 3 3 2 1 2 1 3 3 2 2 2 3 1 1 2 1 1 2 2 2 1 2 1 2 1 2 3 3 3 2 1 1 2 2 2 2 1 2 2 2 1 1 2 3 2 3 1 5.94983444690472
2 1 1 1 1 1 2 3 2 3 2 2 1 2 3 1 2 2 2 3 1 3 2 2 2 3 2 3 1 3 2 2 2 1 2 2 3 3 1 1 2 2 2 2 2 2 3 2 1 3 3 2 2 2 1 2 1 1 3 3 1 1 2 2 2 3 3 2 2 2 2 2 2 2 3 3 2 3 2 1 2 1 2 2 1 1 2 2 2 2 1 2 1 2 2 1 3 1 2 2 3.17308219577534
2 3 1 2 3 1 1 3 3 1 3 1 2 3 1 2 1 2 3 2 1 3 2 2 2 1 1 2 2 3 2 3 2 1 1 2 2 2 3 3 3 2 2 1 2 2 2 3 2 2 1 3 2 2 2 2 2 2 1 2 2 1 3 3 1 2 1 2 3 2 3 1 3 1 2 3 1 2 2 2 2 2 1 3 3 1 2 2 2 1 1 2 2 1 3 2 3 1 1 3 8.50873757790314
2 3 2 1 2 2 3 3 3 2 2 1 3 1 2 1 3 3 3 3 1 1 3 1 2 2 3 2 1 2 2 2 2 2 1 3 2 1 3 1 1 1 2 2 3 2 3 2 2 1 2 3 3 3 2 3 2 3 1 3 3 3 2 1 2 2 1 2 2 2 2 2 1 3 3 2 1 1 1 2 1 2 2 2 3 3 2 2 3 2 1 3 2 2 1 3 2 2 2 2 8.09706124844449
3 3 2 3 2 2 2 3 3 2 1 3 1 3 3 2 1 2 1 3 2 2 3 2 2 3 1 2 2 3 2 1 2 2 2 2 2 2 1 2 2 1 2 2 1 2 1 1 2 1 2 3 2 2 1 3 2 2 1 3 3 2 2 1 2 2 3 3 2 1 2 2 2 1 2 3 2 3 2 1 3 3 3 1 1 3 3 3 2 1 2 3 2 2 3 2 2 1 2 3 9.5759873472687
3 2 3 3 2 2 3 3 2 1 1 3 2 1 2 2 1 2 2 1 2 3 3 2 3 2 2 2 3 2 3 1 1 2 3 2 1 2 3 2 3 2 2 1 1 2 2 3 3 2 2 3 1 1 1 1 2 1 2 3 1 1 2 2 2 1 1 2 3 1 2 3 3 2 3 2 1 2 2 2 3 2 2 3 3 1 2 3 1 1 3 1 2 2 3 1 1 2 1 3 6.53265447827841
2 2 2 3 2 1 1 2 2 2 3 2 2 2 1 3 2 3 2 3 3 2 1 1 3 3 3 2 2 2 1 2 2 2 1 3 3 1 2 2 3 2 3 2 1 1 2 1 2 3 1 2 1 2 2 3 2 2 2 1 2 2 1 2 1 2 2 3 2 3 1 2 2 1 3 1 1 2 1 2 3 2 3 2 2 1 1 3 2 2 3 3 2 2 2 3 2 2 2 1 5.13948845008185
1 2 2 2 2 2 1 3 1 2 2 1 2 2 2 3 1 1 3 2 1 1 3 2 2 2 2 2 3 1 2 3 3 1 2 2 1 3 2 2 1 1 2 1 2 1 1 2 1 3 2 2 3 2 2 2 2 3 1 3 3 3 2 2 3 2 2 3 1 1 1 2 2 3 1 1 1 2 2 2 2 3 2 2 1 1 1 2 2 2 2 2 1 1 3 2 1 3 2 3 2.07371408912847
3 2 3 2 3 1 1 2 3 1 3 3 3 2 2 1 2 2 2 2 1 1 2 1 1 2 1 2 2 2 1 3 3 2 2 2 2 2 1 3 3 2 2 2 3 3 3 1 2 2 1 3 2 1 2 3 1 1 3 2 2 2 2 2 2 2 1 2 3 2 2 2 2 3 2 3 2 1 1 2 1 2 2 2 2 3 2 2 2 2 2 1 2 2 2 2 1 2 1 2 6.96038860002631
2 2 2 3 1 2 3 2 1 2 1 2 1 1 3 3 1 3 2 2 1 3 1 3 1 3 1 3 1 2 2 1 3 3 2 2 1 2 3 2 2 1 2 1 1 3 3 2 1 1 2 2 3 1 2 1 2 1 3 1 1 3 2 1 2 2 2 3 2 1 3 1 2 2 2 2 2 2 1 1 2 1 1 1 2 2 3 2 2 2 2 2 2 2 2 1 2 3 1 2 4.06479256567407
2 1 1 1 2 2 2 2 2 2 2 3 2 2 3 1 1 3 1 2 2 2 1 1 2 2 1 2 2 2 1 2 2 2 1 2 3 2 1 3 3 3 2 2 2 3 3 1 2 3 3 3 2 2 2 3 3 2 3 2 1 3 3 3 1 3 1 3 2 2 2 2 1 2 1 1 3 2 2 2 1 3 2 2 1 2 2 3 1 1 2 1 2 2 3 2 2 2 2 1 1.92327255231265
1 1 2 2 2 3 1 2 2 2 1 1 3 2 2 3 2 1 2 1 2 1 2 2 1 1 2 2 2 3 1 3 1 2 1 1 2 2 3 3 3 2 2 1 2 2 2 2 2 3 2 2 1 2 2 3 2 3 1 2 1 2 2 2 2 3 2 1 1 1 2 2 1 2 2 2 2 2 3 2 1 1 3 2 2 1 1 3 2 2 2 1 2 1 2 1 3 3 3 2 1.50793033194069
2 1 2 2 1 2 1 1 3 3 2 2 2 2 2 2 3 2 3 3 1 2 1 3 1 3 2 2 3 2 2 2 3 1 3 2 2 3 1 2 3 2 2 2 2 3 2 1 2 2 2 1 2 2 2 3 2 1 3 3 1 3 1 1 2 3 2 3 1 1 1 1 2 2 2 1 3 2 1 1 2 3 2 1 3 1 3 2 1 2 2 1 3 2 3 2 2 2 3 2 2.9206921587584
3 2 3 2 3 1 1 1 2 1 3 1 1 1 3 3 3 1 1 1 1 3 2 1 2 2 2 2 2 2 3 2 2 2 2 2 3 3 2 3 2 2 3 2 3 3 3 2 2 1 3 2 1 3 2 2 2 1 1 3 3 3 3 2 2 1 3 2 2 1 2 2 2 2 2 2 2 3 3 2 2 1 3 1 3 1 2 2 3 2 1 2 3 3 1 1 1 2 1 3 4.81921624388512
2 1 3 1 1 2 1 2 3 3 1 2 2 2 2 2 2 1 2 3 3 1 1 2 2 2 2 2 2 1 1 2 1 2 1 3 2 1 3 2 3 3 2 2 1 3 2 3 2 2 2 2 1 2 3 2 3 1 1 3 3 2 3 1 1 1 2 3 1 3 2 3 2 2 2 3 3 1 1 2 3 1 2 2 3 2 2 3 2 2 2 1 3 2 2 3 3 2 3 1 1.71140545355038
2 3 3 3 2 2 1 2 2 2 2 2 2 1 3 3 1 1 1 1 1 2 2 2 2 2 1 2 3 3 2 3 2 2 3 2 1 3 2 1 3 2 3 2 3 2 2 2 3 1 2 2 2 2 2 2 1 2 1 2 2 2 3 2 1 2 2 3 1 3 3 3 1 2 1 2 2 3 3 3 3 2 1 1 3 2 3 1 2 1 2 3 3 2 3 2 2 2 2 3 8.86846654406013
2 2 1 2 1 1 2 2 2 3 1 2 3 2 2 2 2 1 2 2 2 2 2 1 2 2 2 1 2 2 1 2 2 1 3 3 3 2 2 1 2 1 1 1 2 1 2 1 1 3 3 2 2 2 1 3 3 2 1 3 2 1 1 2 1 2 2 1 3 2 2 2 2 2 2 1 2 1 3 3 2 2 1 1 1 3 2 2 2 2 2 2 2 2 3 1 2 2 2 1 5.79928843710027
3 1 2 2 2 2 3 3 1 2 2 2 2 3 2 2 3 1 2 1 3 3 2 3 1 2 3 3 1 2 2 3 1 2 1 1 3 2 2 2 2 1 1 2 3 2 2 1 2 2 2 2 2 2 1 2 2 3 2 3 2 2 2 2 3 2 2 2 2 1 3 2 2 2 1 2 2 2 3 1 2 2 2 2 2 2 2 2 1 1 2 2 1 2 2 1 3 1 2 2 3.40348866199537
1 1 1 3 1 2 3 1 2 2 2 2 3 2 3 3 3 3 2 1 1 1 1 1 1 2 1 2 2 2 3 1 2 2 3 2 3 2 1 3 2 2 2 2 2 1 2 2 1 2 2 1 2 3 2 2 2 3 1 3 1 2 2 3 1 3 1 2 2 2 1 2 2 2 2 3 1 2 3 2 2 3 2 2 2 2 2 3 1 2 2 2 2 1 2 2 2 2 2 2 2.42997149683341
2 2 3 2 2 3 3 2 2 2 1 3 3 2 2 2 1 2 2 3 2 2 1 1 2 2 3 1 1 1 2 1 2 2 3 3 3 1 1 3 2 2 2 2 3 2 2 1 2 3 2 2 1 1 2 2 2 3 2 3 1 1 2 2 3 1 2 2 2 1 2 2 3 1 2 1 2 1 2 2 1 2 2 2 3 2 1 2 2 2 2 2 1 2 3 1 2 3 3 2 5.41507061259811
1 1 3 1 2 3 1 2 1 1 3 2 1 2 2 3 3 3 3 3 3 2 2 3 3 2 1 2 2 3 2 1 2 2 2 2 2 1 1 2 1 3 2 1 1 2 2 2 1 2 1 3 1 1 2 1 2 1 1 3 2 2 3 2 2 2 2 2 2 2 2 1 3 1 2 1 3 2 3 3 2 2 3 2 2 2 2 2 1 2 2 1 2 2 2 1 2 1 2 2 3.85501043092443
3 2 3 2 2 3 2 1 2 3 1 2 2 2 2 2 1 2 3 2 2 2 1 2 3 1 1 2 3 3 3 2 2 3 1 3 2 2 2 3 1 2 3 2 2 3 1 3 2 2 2 3 3 2 2 2 1 2 2 2 2 2 2 2 3 2 3 2 1 3 2 2 2 3 2 2 2 3 2 3 2 1 2 2 3 1 2 1 1 2 1 1 2 3 3 2 1 2 1 2 4.6454301003358
2 3 2 3 3 2 2 2 1 2 2 2 1 3 2 3 2 1 1 2 3 2 3 2 1 1 2 3 2 1 2 1 1 2 2 2 1 2 2 2 3 2 2 1 2 3 2 3 1 2 3 1 2 2 2 2 2 3 2 2 2 2 3 1 1 2 2 3 2 3 1 3 2 1 3 2 2 2 1 2 3 2 1 2 3 2 2 2 1 2 2 2 2 3 3 1 3 3 2 1 9.08885315355296
2 2 1 2 3 1 3 2 2 2 3 3 2 1 2 3 2 1 2 2 2 2 1 2 2 3 2 2 3 1 2 2 1 1 3 1 2 1 2 2 2 3 3 2 1 3 2 1 2 1 2 3 2 3 2 3 3 3 3 1 1 3 3 1 1 2 1 3 3 2 1 3 1 2 3 2 2 2 1 1 1 1 3 2 3 3 2 2 1 2 3 1 3 1 3 2 1 1 1 1 4.66413857137449
2 1 3 1 3 2 3 3 2 1 1 2 2 1 3 1 3 1 2 3 1 1 1 2 2 2 2 2 2 2 3 2 2 1 3 2 1 2 3 1 2 1 3 1 2 2 2 2 3 1 3 2 2 2 1 1 1 3 3 1 3 2 2 2 2 3 2 1 2 2 3 2 1 1 2 3 3 3 3 3 2 2 2 3 2 2 1 3 1 1 2 2 3 3 2 3 3 2 3 3 1.92218463429726
1 1 2 2 3 3 1 2 2 2 2 2 2 2 2 3 2 2 1 3 2 3 1 3 3 2 3 2 2 1 2 3 2 3 3 2 1 2 3 2 1 3 1 2 2 3 2 2 3 3 3 2 1 1 2 1 1 1 2 1 3 1 1 1 3 2 2 1 1 2 2 2 3 1 1 2 2 2 3 2 2 1 1 3 2 2 2 3 2 1 3 1 1 1 3 2 2 2 3 3 1.17917379154633
3 3 2 1 1 2 3 2 2 3 3 2 2 2 3 1 2 3 2 1 1 3 2 2 3 3 3 2 1 1 2 1 1 2 2 3 3 1 1 3 3 2 2 3 2 3 2 2 2 2 3 2 2 2 1 3 3 2 2 1 2 3 2 1 2 3 2 1 2 1 1 2 2 3 3 3 2 3 2 3 2 3 2 1 3 2 3 1 2 2 3 2 1 1 1 2 2 1 2 1 10.3634092446478
3 2 3 1 2 1 2 2 1 2 3 3 2 2 3 2 2 2 1 1 3 3 3 2 2 3 1 3 2 1 3 1 2 1 2 3 2 3 3 2 1 2 2 2 2 3 1 2 2 3 3 1 2 2 2 3 3 2 3 3 2 2 2 2 2 3 1 3 2 2 2 2 2 2 3 1 1 3 2 2 3 2 1 1 2 2 1 3 3 2 1 1 3 1 2 2 3 1 3 1 6.62743591460089
2 1 3 2 2 2 1 2 2 3 2 3 3 2 2 2 2 3 2 2 1 3 1 1 2 1 2 3 2 1 2 2 1 2 3 2 1 3 2 1 3 2 3 2 1 3 1 2 2 2 1 2 1 2 2 1 2 3 2 2 2 2 2 2 3 2 3 3 2 2 2 2 2 2 2 3 3 3 2 2 2 1 1 2 2 2 1 2 2 2 3 1 3 2 3 2 2 2 3 1 2.42203156130588
3 3 1 2 1 2 2 2 3 3 2 3 1 3 1 3 3 2 2 2 2 2 1 2 2 2 3 3 1 1 3 2 2 3 1 1 1 1 2 2 3 2 2 2 2 3 3 1 2 1 2 2 2 2 3 2 1 3 3 2 2 2 3 1 3 3 3 2 1 2 2 1 2 2 2 1 2 1 2 2 1 3 2 1 2 3 1 1 1 2 2 2 2 2 3 2 2 2 3 3 7.45523620301705
1 2 2 2 1 2 3 3 2 2 2 2 2 1 2 3 3 2 3 1 1 2 3 1 1 2 1 1 1 2 1 1 2 1 3 3 2 3 1 2 1 3 2 1 2 3 3 2 2 1 1 2 1 1 2 2 2 1 1 2 2 2 3 1 2 2 3 1 2 2 1 2 2 2 2 1 2 1 3 2 2 2 3 2 3 2 2 1 1 2 2 2 2 1 3 1 1 3 2 3 3.19090759017611
2 1 3 3 1 2 3 2 3 3 3 2 3 1 2 3 2 2 2 1 2 2 2 2 1 2 3 1 2 2 1 2 1 3 2 2 2 2 2 2 2 1 2 1 2 2 1 1 3 2 3 3 1 2 2 3 3 2 2 3 2 2 1 1 2 3 2 1 3 2 2 3 3 2 2 2 3 2 2 1 2 2 3 3 3 2 1 2 2 3 2 2 2 1 2 3 2 1 3 1 3.39730898704471
2 3 2 1 2 2 2 2 2 1 3 2 2 1 1 3 2 2 3 1 2 1 2 2 3 2 2 1 3 1 2 2 2 3 2 2 3 3 1 3 2 3 1 2 2 2 3 3 1 2 2 2 2 3 1 2 2 2 2 2 2 1 2 1 2 3 2 2 2 2 2 1 2 3 1 3 2 1 3 2 2 2 2 2 1 1 1 2 1 3 1 2 2 2 2 2 1 1 1 2 8.31960984848846
1 3 1 2 1 1 1 2 2 1 2 3 2 2 3 3 2 2 3 2 2 2 2 2 2 2 1 3 3 1 3 3 2 2 3 3 2 2 3 3 2 3 1 2 2 2 1 2 3 1 3 3 3 1 2 3 2 3 3 2 1 2 3 1 3 1 2 2 2 2 2 3 1 3 2 1 1 2 2 1 1 3 1 1 3 2 2 2 2 1 1 2 1 2 3 1 2 2 2 1 6.7957035492805
2 2 2 1 3 2 2 2 2 2 2 2 2 2 2 2 3 2 2 1 1 2 3 2 2 3 1 2 3 1 2 1 1 2 2 2 1 1 2 2 2 3 2 2 3 2 2 2 3 2 1 2 3 1 2 2 2 1 1 2 2 3 1 3 2 2 1 2 2 3 2 2 1 1 2 2 2 2 2 1 2 3 2 3 3 3 2 2 1 2 1 3 2 3 3 2 2 2 3 2 4.07048605647716
1 2 2 3 2 2 2 1 2 2 2 3 2 2 2 3 3 1 2 2 3 2 3 3 3 1 2 1 2 2 3 3 3 2 3 2 2 3 2 2 2 2 3 2 2 2 2 2 3 3 1 1 3 2 2 2 1 2 2 2 2 2 1 2 2 3 2 2 3 1 1 1 2 2 2 2 1 2 1 2 3 1 2 2 2 2 1 1 1 1 3 2 2 3 3 2 1 2 1 3 3.79915945856937
3 2 2 2 1 2 2 2 1 3 2 1 3 3 1 3 2 3 2 2 3 2 1 3 2 1 2 2 2 3 2 1 2 2 2 2 1 1 3 1 2 3 2 1 1 1 3 3 2 2 2 2 1 1 3 2 2 1 3 1 1 2 2 1 1 2 1 3 1 3 2 1 3 2 1 3 1 2 2 1 2 2 1 3 2 3 1 3 2 2 2 2 2 2 2 2 2 2 1 2 5.3949955652373
2 2 2 1 2 3 3 3 2 3 2 2 1 3 3 2 2 2 2 2 3 3 2 1 2 2 1 2 2 2 2 1 2 2 1 1 2 2 2 2 2 2 2 1 3 3 1 2 3 3 3 3 1 2 2 2 3 3 2 2 1 2 1 2 2 1 2 3 3 2 2 2 1 2 3 3 3 2 2 1 1 1 3 3 3 2 3 1 2 2 3 2 1 2 2 2 2 2 1 1 4.5086316130717
2 2 3 2 3 2 3 2 3 1 2 2 2 3 2 2 2 2 1 2 3 2 2 1 2 1 3 2 2 3 3 2 1 1 2 3 2 2 2 2 1 3 2 1 2 2 1 3 2 3 2 3 1 3 2 2 1 2 2 2 1 2 2 2 1 2 1 3 1 2 1 2 2 2 1 3 1 1 2 2 2 2 1 3 3 2 1 2 1 1 2 3 2 3 2 3 3 2 2 2 5.03232315282848
1 2 1 1 2 2 3 1 2 2 3 2 2 1 2 2 2 2 2 3 3 1 2 2 2 2 2 3 1 3 2 2 1 2 2 2 3 2 2 1 1 1 2 1 2 1 3 2 2 2 2 1 2 3 2 2 3 1 2 3 2 2 2 2 2 2 1 3 2 3 2 1 1 2 2 1 2 2 1 2 1 2 2 1 2 2 3 3 2 3 2 2 2 2 3 3 1 2 2 3 2.38208594001426
2 3 3 1 1 2 2 3 2 2 1 2 2 3 1 1 3 2 3 3 2 2 1 1 2 2 3 1 2 1 2 2 2 3 2 2 2 3 2 1 3 1 3 2 3 2 3 3 1 2 2 3 3 3 1 3 2 2 1 2 2 1 2 1 2 2 3 1 1 1 1 2 2 3 1 3 3 1 2 2 3 2 2 3 2 2 2 3 2 2 2 3 1 3 3 1 2 2 1 2 8.43156974891381
2 1 2 2 1 3 3 3 1 2 3 2 3 3 3 2 1 2 1 2 2 3 2 1 2 3 3 2 1 2 3 2 3 2 2 1 1 3 2 2 2 2 2 2 3 1 2 3 1 1 3 3 1 2 2 1 1 2 3 1 2 1 2 2 1 1 3 3 1 1 2 3 1 3 2 3 2 3 2 1 1 2 2 2 2 1 3 1 2 3 3 2 2 3 1 3 3 2 2 2 0.280969275288879
3 2 2 2 2 2 2 2 1 3 2 2 3 3 2 2 1 2 2 1 3 2 2 1 2 2 2 2 2 1 3 2 1 3 2 2 2 2 1 2 2 1 3 1 3 2 3 2 1 3 3 2 1 2 2 3 3 1 3 1 1 1 2 3 2 1 2 3 2 2 3 3 3 2 2 2 2 2 2 3 2 2 2 1 3 3 3 2 1 2 3 3 3 1 2 2 3 2 3 2 7.46497231362293
3 2 3 2 1 1 3 1 1 1 2 3 3 2 2 1 1 1 3 3 3 2 3 2 3 2 2 2 3 3 3 2 2 2 1 3 2 2 1 2 2 2 2 2 3 3 2 3 3 2 2 1 3 2 1 1 2 2 2 3 2 3 2 3 2 1 2 2 2 3 1 1 2 2 2 3 2 1 2 2 1 2 2 3 1 2 3 1 3 2 3 2 2 1 2 2 3 3 2 1 5.62910891646144
3 3 2 2 2 3 3 1 1 3 1 3 2 1 1 2 1 2 3 2 2 2 2 2 1 2 3 1 1 3 2 3 1 1 1 1 1 1 3 2 2 2 2 1 3 2 1 3 1 3 1 1 3 1 2 2 2 3 3 1 1 2 2 2 3 3 2 1 3 2 2 2 2 3 2 2 2 2 1 1 3 1 3 2 2 2 2 1 2 1 1 2 2 2 2 3 2 1 1 3 11.4578750918203
2 1 3 2 1 2 1 3 1 1 1 2 1 3 2 2 3 2 2 1 3 2 1 2 2 2 1 3 2 2 3 1 2 2 2 2 2 3 2 3 2 1 1 2 2 2 2 1 1 3 2 1 2 1 2 1 1 2 2 1 1 2 2 2 1 3 2 2 3 3 2 3 2 1 2 2 2 1 2 2 3 2 2 2 2 2 2 2 2 3 3 2 1 2 2 2 2 2 1 1 2.55498089826421
2 1 2 1 3 2 2 2 2 2 2 2 1 2 1 1 2 3 3 2 3 1 2 3 1 1 3 1 3 2 2 2 3 1 1 2 2 2 3 2 3 2 3 3 2 2 2 3 2 3 2 2 2 2 1 1 3 1 2 1 2 2 1 2 3 2 3 2 2 2 3 2 3 1 1 2 2 2 1 1 2 1 1 1 2 2 1 1 2 2 2 1 3 1 1 2 3 2 1 2 2.527950275923
1 2 2 1 2 1 1 1 2 2 2 3 3 3 2 3 2 2 2 2 2 2 3 1 2 2 2 1 2 1 2 1 3 3 2 2 2 2 1 1 2 3 3 3 3 3 2 1 3 2 2 2 2 1 1 3 1 3 1 2 2 2 2 2 1 2 3 1 1 2 3 3 1 3 2 3 3 1 2 2 1 2 2 2 1 2 2 1 1 2 2 3 2 3 2 1 2 2 1 2 5.46278696981638
3 1 3 3 1 2 2 3 1 3 3 1 1 2 3 1 3 3 1 2 2 2 2 1 2 2 3 3 2 2 3 3 3 1 2 3 2 1 2 3 2 1 3 3 3 3 2 1 1 2 1 1 2 1 3 1 3 3 2 2 1 2 2 3 3 2 2 2 2 2 2 2 1 1 2 1 2 3 2 1 2 2 2 2 1 2 2 3 2 3 2 1 2 2 2 1 1 3 1 2 3.71374226415643
2 3 2 1 1 2 2 2 1 2 2 3 3 3 1 2 1 2 1 1 2 2 3 2 1 3 1 2 2 2 1 3 2 3 1 3 1 3 1 1 3 1 2 2 2 2 2 3 1 2 2 2 3 2 2 2 3 2 2 2 3 2 3 2 2 1 2 1 2 1 3 2 1 2 2 3 3 2 1 2 2 2 2 2 1 2 2 2 2 1 2 3 3 3 2 2 1 3 3 2 7.57726861002032
2 2 2 2 3 1 2 3 2 1 2 2 1 3 3 2 1 2 2 3 3 2 3 2 3 1 3 2 3 2 1 2 3 2 2 2 3 3 3 1 2 1 2 2 2 2 2 2 2 1 1 3 1 2 2 2 1 2 3 2 3 1 1 1 2 3 3 3 2 2 3 1 1 2 2 1 2 2 2 1 3 3 2 3 1 2 3 2 3 1 3 2 2 2 3 1 2 1 2 2 4.88618585418723
1 3 1 1 3 2 3 3 2 2 2 2 1 2 2 2 2 1 3 1 2 2 1 1 1 2 3 2 3 3 1 2 2 2 1 2 2 2 1 3 3 1 2 3 2 1 2 2 1 2 1 2 1 2 2 3 1 2 1 3 3 2 3 1 2 1 3 1 3 2 2 2 2 1 3 2 2 1 1 2 3 2 3 1 1 2 2 1 2 2 1 2 2 2 2 1 3 1 2 3 7.25563915200855
2 2 3 1 3 2 3 1 1 2 2 2 3 3 2 2 2 2 3 2 3 3 2 1 1 1 2 2 3 2 2 1 1 3 2 3 2 3 2 2 1 2 3 2 3 2 1 3 1 1 1 2 1 2 2 1 2 3 3 1 2 2 2 3 1 3 1 1 3 3 2 1 3 3 1 2 1 3 3 2 3 2 2 1 2 1 3 3 2 2 1 1 2 3 2 1 1 3 1 1 5.15482523642126
3 3 3 2 3 2 2 2 3 2 2 2 3 2 1 2 2 3 2 3 3 1 3 2 2 2 1 2 2 3 3 2 2 2 3 3 1 1 2 2 2 1 3 2 3 3 2 2 3 3 3 3 2 1 3 1 1 3 2 1 2 3 1 2 2 3 3 3 3 2 1 3 2 2 2 3 1 2 3 1 3 2 2 2 1 3 2 2 2 3 3 2 1 1 3 2 3 1 3 3 7.60675119829317
3 2 3 3 2 3 1 2 2 3 2 3 2 2 2 2 1 3 1 1 3 3 1 1 2 2 3 2 2 1 2 1 3 1 1 3 2 2 1 2 1 2 1 3 2 2 2 2 3 1 1 1 1 2 3 2 1 2 2 2 1 1 2 3 3 3 3 2 3 2 2 1 3 3 2 2 2 1 2 3 2 2 1 1 2 2 2 3 2 3 1 1 2 1 1 3 3 2 1 2 5.6133714483027
2 3 3 1 1 1 3 1 3 1 3 2 2 2 2 1 1 2 3 3 3 2 2 1 3 2 2 1 1 1 2 2 2 1 1 1 2 2 2 3 1 2 1 2 1 2 1 1 2 2 2 2 2 3 2 2 2 1 3 2 1 3 3 2 3 1 2 2 3 1 2 1 1 2 2 3 2 1 2 1 2 2 3 2 2 2 3 1 2 2 3 2 3 3 2 2 2 2 1 3 8.43284523790892
2 1 2 2 2 1 2 2 2 1 2 2 1 1 3 3 1 1 1 3 2 3 2 3 1 2 1 2 2 1 2 1 3 1 1 3 3 2 1 3 2 2 1 2 2 2 1 2 3 1 2 3 1 1 2 3 2 2 2 2 2 3 3 2 3 2 3 2 1 2 2 2 2 2 1 3 3 3 3 2 2 2 2 2 2 2 2 3 2 2 3 3 2 2 2 2 2 1 3 2 2.64736876351118
2 1 2 3 2 3 1 3 2 3 1 1 3 1 2 3 3 2 3 2 1 2 2 2 2 2 2 1 2 3 1 3 2 3 2 2 1 2 2 3 2 3 3 2 3 2 3 2 3 1 2 2 3 1 3 2 2 3 2 3 1 2 2 1 1 3 3 3 1 1 2 2 2 1 3 2 1 2 3 2 2 1 1 2 2 3 2 2 2 2 2 2 1 1 2 2 2 2 2 3 2.33953774116604
1 3 3 1 2 1 2 3 3 1 2 3 2 1 2 2 2 3 3 2 2 1 3 2 1 1 2 1 1 2 1 3 3 3 2 2 2 2 2 1 3 2 2 2 3 2 1 2 2 1 1 1 3 2 2 2 2 3 3 2 2 1 1 3 1 2 1 3 3 2 2 1 2 3 3 2 2 3 2 3 3 2 2 2 3 2 3 2 3 2 3 3 2 2 3 3 2 2 2 2 5.96902109201379
2 2 3 2 2 2 3 2 2 3 2 2 2 3 1 1 1 1 3 3 1 2 3 1 1 2 2 2 2 1 2 1 3 2 1 2 2 1 3 3 2 2 2 1 2 2 2 3 3 3 2 3 2 2 2 3 1 3 3 1 1 3 3 3 2 2 2 2 1 1 2 1 2 2 2 2 2 1 1 2 2 2 2 1 2 1 1 2 1 2 2 2 2 1 2 1 2 2 2 3 4.57346839213639
2 2 2 3 3 2 2 2 2 1 2 1 1 2 3 1 1 2 2 1 1 3 3 2 3 1 2 2 2 3 2 2 2 3 1 1 2 3 1 2 3 3 3 1 1 3 2 1 3 2 2 1 3 1 2 2 1 1 1 3 3 3 2 2 1 1 2 2 2 3 2 2 2 2 2 2 1 2 1 2 2 3 1 1 1 2 2 2 3 3 2 2 2 2 3 1 2 2 2 2 4.33453521369027
3 3 2 1 1 3 1 1 3 1 3 3 3 2 2 2 3 2 2 3 2 2 1 3 2 2 3 1 2 2 2 1 2 3 2 3 1 2 2 3 2 3 3 3 3 3 1 3 2 3 2 3 1 3 1 1 2 3 1 2 2 2 1 3 3 3 3 1 2 1 2 1 1 3 3 1 2 1 2 3 2 1 1 2 2 2 1 2 2 2 1 2 2 2 1 2 2 1 2 2 8.1707562541149
2 2 3 2 3 2 2 2 3 1 2 1 1 2 2 3 2 3 3 3 2 3 2 2 2 2 1 2 2 2 1 3 2 2 2 1 3 1 2 3 2 2 1 2 1 2 2 1 3 3 2 1 2 2 2 3 2 1 2 3 1 1 2 2 3 1 3 3 2 1 3 2 3 1 3 1 3 1 2 3 2 3 1 2 2 2 2 2 2 2 1 2 3 2 3 3 3 2 2 1 4.38802808774253
2 1 2 3 3 2 2 1 2 2 2 2 1 2 3 3 2 2 2 1 1 2 2 2 1 2 2 1 2 2 3 2 2 2 2 2 3 2 2 2 2 2 3 1 1 2 3 2 2 3 1 3 2 2 2 3 3 2 1 2 3 2 3 2 3 3 1 1 1 2 2 3 2 2 3 3 3 1 3 1 2 2 3 2 2 3 1 2 1 1 2 1 3 2 1 3 2 2 1 1 2.3587363976608
2 2 1 3 3 3 1 2 2 2 3 2 2 3 3 2 2 3 2 3 2 3 2 3 1 1 1 2 1 1 1 1 3 2 2 2 3 1 2 2 2 2 2 2 3 2 1 2 1 2 1 3 3 3 1 1 2 3 2 2 3 2 1 1 1 2 1 1 3 2 3 3 3 3 2 1 2 2 3 3 3 2 3 3 1 3 2 1 2 2 3 1 2 2 2 2 2 1 2 1 4.66801210241999
3 3 2 2 2 1 1 1 2 2 2 2 1 2 1 2 3 1 1 2 2 2 3 2 2 2 2 1 2 2 1 3 3 2 2 3 1 2 1 2 3 2 2 1 2 3 2 1 2 3 2 2 2 2 3 2 3 1 2 2 1 2 1 2 2 3 2 3 1 2 3 2 1 1 1 2 2 2 3 2 1 3 3 2 3 2 2 3 1 1 2 1 1 3 1 1 1 3 2 1 8.93689527167665
3 2 2 2 2 1 2 1 3 3 1 3 1 2 1 2 1 2 1 1 1 3 2 1 1 2 2 3 3 2 2 3 2 1 3 3 2 3 2 3 2 3 2 2 2 2 2 3 2 2 1 2 3 2 3 1 2 2 2 3 2 1 1 1 3 2 2 2 2 2 2 2 3 2 2 1 3 1 1 2 1 3 2 3 2 1 3 3 1 3 1 2 2 1 1 1 2 2 1 2 4.39445715941505
1 3 3 2 2 1 3 1 2 3 1 3 2 3 2 3 1 3 2 1 1 2 2 3 3 1 2 1 2 1 3 3 1 2 2 3 1 3 2 1 1 2 1 1 1 3 2 3 3 2 1 2 3 1 2 2 2 2 1 2 2 3 1 2 1 2 3 3 1 2 3 2 1 2 2 3 1 3 3 1 2 2 3 1 2 2 2 2 2 3 2 3 1 3 1 2 1 2 2 2 7.00945592764765
3 3 3 2 2 1 1 2 3 1 3 3 2 2 1 2 1 2 2 1 1 2 3 2 2 3 3 3 2 2 2 2 2 3 3 2 1 3 3 3 3 2 3 1 1 3 2 2 2 2 1 1 2 3 2 2 2 2 2 1 1 1 3 1 3 3 2 3 2 1 2 1 2 1 3 2 2 1 2 2 2 2 2 3 3 2 2 2 1 2 2 1 2 3 3 1 2 3 2 1 9.6906144219374
1 3 2 3 2 2 3 1 2 1 2 2 2 2 3 3 3 1 3 1 3 2 3 3 1 3 1 2 1 3 1 2 2 3 1 3 3 3 1 2 2 2 1 1 3 3 2 1 1 2 2 1 1 3 1 1 3 2 1 2 1 1 2 3 3 1 1 2 3 2 2 3 2 2 2 3 3 2 3 2 2 1 1 3 1 3 2 3 1 2 2 2 2 2 1 1 1 2 1 1 7.08027094057101
2 1 3 1 2 2 1 1 2 3 2 1 3 3 3 1 2 2 1 2 2 2 3 2 2 1 3 3 1 1 2 3 1 1 2 3 2 2 2 1 2 1 1 3 2 3 3 3 3 1 2 2 2 3 2 3 1 2 3 1 2 2 2 1 2 2 1 1 2 1 2 3 2 2 3 3 2 3 2 2 2 2 2 1 2 2 2 2 3 1 2 2 2 2 1 3 2 3 1 1 2.37004843800366
2 2 2 1 2 2 3 1 1 2 3 3 3 2 3 3 2 3 2 2 2 3 2 1 2 2 2 1 1 1 1 3 3 3 3 2 2 1 2 2 3 3 1 2 2 2 1 2 2 1 2 2 1 1 3 1 2 2 2 2 3 3 2 3 1 3 2 1 1 1 2 2 2 1 2 1 2 2 1 2 2 3 1 1 3 1 2 3 3 2 2 1 1 2 1 3 3 1 3 2 5.50723047801859
1 3 2 2 1 2 2 2 1 3 2 2 1 2 3 3 1 2 3 3 1 2 2 2 1 2 1 1 2 2 2 2 1 1 3 2 2 1 2 2 2 2 1 3 2 3 3 2 1 2 3 2 1 2 2 2 2 3 2 2 3 3 1 2 3 1 2 2 3 2 2 1 2 3 1 2 1 3 1 3 2 2 1 1 2 2 2 1 3 2 1 2 2 3 2 1 2 2 3 1 5.2301834366666
2 3 2 1 1 3 1 3 1 1 3 1 1 2 1 1 2 2 2 1 2 2 2 2 3 1 3 2 2 2 2 2 3 1 3 1 2 1 3 1 2 3 3 1 2 2 2 2 3 1 2 1 2 2 3 2 2 2 2 3 3 3 2 1 2 1 3 2 3 2 2 2 1 2 1 2 2 3 2 2 2 3 2 3 2 2 3 1 1 2 2 2 2 1 3 1 2 1 1 2 8.41291170801062
1 2 2 2 2 2 2 1 3 3 2 2 2 2 1 3 1 2 2 2 3 3 2 2 2 1 2 2 2 1 1 2 3 2 1 2 2 2 1 2 1 1 3 2 2 1 2 2 2 2 3 1 2 2 3 3 2 2 2 2 2 1 2 3 1 2 2 2 2 2 1 2 1 2 2 2 2 3 2 1 2 2 3 2 2 2 3 1 1 2 1 2 2 3 2 3 3 2 2 2 3.1414301619164
1 1 1 1 2 2 3 3 2 2 2 3 3 2 2 1 2 2 3 1 2 1 2 2 2 3 2 1 1 2 3 2 1 3 1 2 2 2 1 2 2 2 3 1 2 1 3 3 1 2 3 3 2 3 2 2 3 2 2 2 1 2 1 2 2 1 2 2 2 2 2 3 1 2 3 1 2 1 3 2 2 2 1 1 3 1 1 2 1 3 2 2 2 1 2 2 3 2 3 2 1.49847234183023
1 2 2 1 2 2 1 1 3 2 3 3 2 1 1 3 2 2 1 2 1 2 1 3 3 1 2 2 3 3 2 3 1 1 3 2 2 3 2 2 2 2 1 1 2 2 2 1 2 1 3 1 3 2 3 2 2 2 2 2 1 2 2 1 2 2 2 3 3 2 3 1 3 2 3 2 2 2 3 3 2 2 2 3 2 3 2 1 2 1 2 3 3 2 1 2 2 1 1 2 3.18457478905484
3 3 1 2 2 1 2 3 2 3 2 2 3 2 1 1 1 2 1 3 2 1 2 3 2 2 1 2 3 3 1 3 2 2 3 1 2 1 1 2 2 2 2 2 2 2 3 3 3 2 3 3 3 2 2 2 3 3 3 2 2 1 2 3 1 3 2 1 1 1 2 3 2 1 2 3 2 2 1 2 1 2 2 1 2 1 2 2 2 1 2 2 2 2 1 3 2 2 1 3 9.53401440159595
2 3 3 1 3 3 1 3 2 3 2 2 2 1 3 1 2 2 1 1 3 2 3 2 2 2 2 3 2 2 3 1 1 2 1 2 1 2 3 2 2 2 2 3 1 1 1 2 2 1 2 1 3 2 2 3 3 2 2 2 3 2 2 2 1 2 2 2 2 1 2 2 2 2 2 3 2 3 2 2 2 2 2 2 2 3 1 2 3 3 2 2 3 3 3 2 2 1 2 2 7.98210204235805
3 2 1 3 2 2 3 1 1 3 2 3 2 3 2 1 1 3 1 2 2 3 2 3 2 2 3 1 2 3 1 3 2 3 3 2 2 1 2 3 2 3 2 1 1 2 3 2 3 3 2 3 2 1 3 2 3 1 2 2 3 1 1 3 2 2 1 2 2 1 2 1 3 3 1 1 1 3 3 2 2 1 2 1 2 2 2 2 3 2 2 1 1 2 2 1 2 1 2 2 3.45690397119635
2 1 2 1 2 2 2 2 2 2 2 2 3 2 3 2 2 3 2 2 1 2 2 2 3 2 2 1 2 1 2 2 2 1 1 1 2 1 2 2 3 2 3 2 2 2 2 2 1 1 1 1 2 1 2 3 3 2 2 3 3 1 2 2 2 2 2 2 3 1 2 2 2 2 2 2 2 2 3 1 2 3 2 1 3 3 2 1 2 2 2 3 1 1 2 2 3 2 3 2 1.83111604433068
2 3 3 3 3 1 3 2 2 3 1 3 3 1 3 1 1 2 2 2 2 1 3 2 2 1 1 2 3 3 1 2 1 2 2 1 3 2 1 1 2 2 2 2 3 3 3 2 2 2 2 2 3 1 3 2 1 1 2 3 2 2 2 2 2 3 1 3 1 3 2 1 1 2 3 2 2 1 2 2 3 2 1 2 3 3 2 3 1 2 1 3 2 3 2 3 3 2 1 2 8.01536510592252
2 1 2 2 1 2 2 2 2 3 2 1 3 2 2 2 3 2 3 3 2 1 1 2 3 2 2 2 2 2 1 2 1 2 2 2 2 3 2 1 2 2 3 2 2 3 3 2 2 2 1 2 1 2 3 1 3 1 2 2 2 1 3 2 2 2 2 3 1 3 2 3 2 2 1 1 3 3 3 3 2 2 1 2 2 2 3 2 2 2 2 3 2 1 1 3 1 2 1 3 1.62694991416902
1 3 1 3 1 1 2 2 3 2 2 1 2 3 2 2 2 2 1 2 3 1 3 3 2 3 2 1 3 1 1 3 1 3 2 2 2 2 2 2 1 3 3 2 2 1 2 2 2 3 3 2 2 2 2 2 2 1 3 3 1 2 3 3 3 2 2 3 2 2 1 1 1 2 3 2 1 2 2 2 1 3 2 2 3 1 3 3 2 2 3 2 3 2 1 2 3 1 2 3 7.11644897547841
3 3 1 1 3 1 2 1 2 3 2 2 1 3 3 2 1 3 2 3 3 3 3 3 2 1 2 2 2 3 3 3 3 3 1 2 2 2 2 2 2 1 1 2 1 1 2 1 2 1 1 2 1 2 2 1 2 1 1 3 2 1 3 2 2 2 2 2 2 3 2 2 1 2 3 3 1 2 2 1 2 3 3 3 2 2 1 2 1 2 1 3 2 3 1 3 2 2 1 3 8.95521079866933
3 2 3 2 1 3 3 2 2 1 3 2 3 3 3 2 3 2 2 2 2 3 3 2 2 2 1 1 2 1 2 3 2 2 3 3 1 2 2 2 3 2 3 2 3 3 1 3 1 2 3 2 1 3 2 2 2 2 2 2 3 1 2 1 2 3 1 2 1 2 1 1 2 3 1 1 2 3 2 2 2 3 3 3 2 1 1 3 2 2 2 1 2 3 2 2 3 2 3 3 5.89209191268387
1 2 2 3 1 2 3 3 2 2 2 2 2 2 2 2 2 1 3 3 1 2 2 2 2 2 2 1 2 1 2 2 2 2 3 3 2 2 2 2 2 2 2 2 2 1 2 2 3 1 2 3 2 2 2 2 1 3 1 2 3 2 1 1 2 1 2 2 2 3 2 1 1 3 1 2 2 2 2 2 2 2 2 2 3 3 2 2 3 2 3 3 2 1 2 1 3 1 2 2 3.71644319656147
3 2 2 3 3 1 3 2 2 1 2 3 1 1 1 1 2 3 2 3 2 2 1 2 1 2 2 2 2 2 2 2 2 1 2 2 2 3 2 1 2 1 2 3 2 2 2 3 3 2 2 1 3 2 3 1 3 2 2 2 3 1 1 2 2 2 2 3 2 3 1 3 1 1 2 3 3 3 1 3 1 1 1 3 3 2 2 1 2 2 2 2 2 2 1 1 2 1 1 2 7.00875121349428
1 2 2 2 1 1 2 3 1 3 2 1 2 2 1 2 2 3 2 2 2 3 2 2 1 1 2 2 2 3 3 2 3 1 3 3 2 2 3 2 2 2 2 2 2 1 1 1 2 1 2 2 3 1 2 1 2 2 2 3 2 3 2 1 1 2 3 2 2 2 3 2 3 3 3 3 2 3 2 2 1 1 1 2 3 3 2 2 2 3 2 1 3 2 1 3 1 1 1 2 3.57114934327772
1 3 1 1 3 1 3 2 1 2 2 2 1 3 3 2 3 3 2 2 1 2 2 2 3 2 2 2 1 2 1 2 1 3 2 3 3 2 3 1 2 2 3 1 1 2 1 2 3 2 2 3 2 2 3 1 3 2 1 1 3 2 2 2 3 1 1 1 2 2 1 3 2 2 2 1 2 1 2 1 3 2 2 1 3 3 1 2 2 2 3 2 1 1 2 1 3 2 1 2 7.53695713625447
2 2 2 2 3 2 1 2 2 1 1 2 2 2 1 1 1 2 3 2 2 2 2 2 2 1 2 2 2 2 2 2 3 1 2 1 2 2 2 2 1 2 1 3 2 1 3 1 2 2 2 2 1 2 2 2 2 2 3 2 1 1 1 2 1 2 1 2 2 2 2 2 2 3 2 2 2 2 3 2 3 2 2 2 2 2 2 2 3 3 2 2 3 3 2 2 2 2 2 2 4.74461881763379
